| b | k | s | c | band | tested | hits | observed count (est.) | rho | basic prediction | obs/basic | refined prediction | obs/refined | refined, 3 edge digits | obs/refined3 |
|---:|---:|---:|---:|---:|---:|---:|---:|---:|---:|---:|---:|---:|---:|---:|
| 4 | 3 | 4 | 8 | 128 | 128 | 7 | 7 | 2 | 5.6 | 1.241 | 5.3 | 1.309 | nan | nan |
| 6 | 2 | 4 | 8 | 766 | 766 | 5 | 5 | 2 | 5.3 | 0.949 | 3.7 | 1.353 | nan | nan |
| 6 | 3 | 6 | 12 | 27,608 | 27,608 | 55 | 55 | 2 | 74.6 | 0.737 | 58.1 | 0.946 | nan | nan |
| 6 | 4 | 8 | 16 | 993,915 | 993,915 | 1,158 | 1,158 | 2 | 1,362.0 | 0.850 | 1,139.2 | 1.016 | 1,168.3 | 0.991 |
| 6 | 5 | 10 | 20 | 35,780,963 | 35,780,963 | 24,587 | 24,587 | 2 | 28,755.2 | 0.855 | 25,021.9 | 0.983 | 25,348.6 | 0.970 |
| 6 | 6 | 12 | 24 | 1,288,114,668 | 1,288,114,668 | 582,862 | 582,862 | 2 | 666,929.1 | 0.874 | 595,183.6 | 0.979 | 599,416.2 | 0.972 |
| 6 | 7 | 14 | 28 | 46,372,128,070 | 2,000,000,000 | 630,111 | 14,609,794 ± 18,405 | 2 | 16,520,740.2 | 0.884 | 15,003,854.4 | 0.974 | 15,062,662.1 | 0.970 |
| 6 | 8 | 16 | 32 | 1,669,396,610,526 | 2,000,000,000 | 469,807 | 392,147,107 ± 572,123 | 2 | 429,650,332.4 | 0.913 | 395,244,877.5 | 0.992 | 396,060,405.7 | 0.990 |
| 6 | 9 | 18 | 36 | 60,098,277,978,951 | 2,000,000,000 | 357,262 | 10,735,415,494 ± 17,960,790 | 2 | 11,600,169,295.8 | 0.925 | 10,776,598,703.0 | 0.996 | 10,786,534,521.3 | 0.995 |
| 7 | 2 | 5 | 9 | 3,952 | 3,952 | 12 | 12 | 4 | 15.9 | 0.756 | 12.6 | 0.953 | nan | nan |
| 8 | 3 | 8 | 16 | 10,845,574 | 10,845,574 | 1,381 | 1,381 | 2 | 1,696.8 | 0.814 | 1,483.0 | 0.931 | 1,437.3 | 0.961 |
| 8 | 4 | 11 | 21 | 1,963,258,676 | 1,963,258,676 | 100,778 | 100,778 | 2 | 118,470.4 | 0.851 | 102,466.7 | 0.984 | 100,139.0 | 1.006 |
| 9 | 2 | 6 | 12 | 354,294 | 354,294 | 51 | 51 | 2 | 59.0 | 0.864 | 54.6 | 0.934 | nan | nan |
| 9 | 3 | 9 | 18 | 258,280,326 | 258,280,326 | 9,031 | 9,031 | 2 | 9,598.3 | 0.941 | 9,051.2 | 0.998 | 8,981.9 | 1.005 |
| 9 | 4 | 12 | 24 | 188,286,357,654 | 5,000,000,000 | 59,021 | 2,222,570 ± 9,149 | 2 | 2,353,707.5 | 0.944 | 2,247,573.0 | 0.989 | 2,225,438.3 | 0.999 |
| 10 | 2 | 7 | 13 | 2,162,278 | 2,162,278 | 68 | 68 | 2 | 102.7 | 0.662 | 75.4 | 0.902 | nan | nan |
| 10 | 3 | 10 | 20 | 6,837,722,339 | 6,837,722,339 | 52,063 | 52,063 | 2 | 59,991.4 | 0.868 | 52,652.1 | 0.989 | 52,014.5 | 1.001 |
