   b   L  log10E |   edge |    ovl (t,k,cert) | ovl+cc (t,k,cert) |   ceil
  20   4   -2.47 |   6.00 |   6.40 (2,3,8) |   6.72 (2,3,8) |   3.68
  22   5   -2.33 |   6.54 |   6.82 (4,3,12) |   7.11 (3,3,10) |   2.67
  24   5   -3.08 |   7.40 |   7.76 (3,3,10) |   8.12 (3,3,10) |   4.06
  25   5   -2.28 |   7.84 |   7.93 (4,4,14) |   7.87 (3,3,10) |   4.71
  28   6   -2.94 |   8.81 |   9.02 (4,4,14) |   9.03 (4,3,12) |   4.40
  29   6   -3.26 |   9.26 |   9.46 (4,4,14) |   9.55 (4,3,12) |   5.09
  30   6   -3.02 |   9.70 |   9.85 (4,4,14) |   9.79 (3,4,12) |   5.75
  32   7   -3.13 |  10.22 |  10.40 (5,5,18) |  10.35 (4,4,14) |   4.68
  33   7   -3.00 |  10.68 |  10.72 (5,5,18) |  10.53 (4,4,14) |   5.42
  34   7   -3.18 |  11.13 |  11.14 (5,5,18) |  10.95 (4,4,14) |   6.13
  37   8   -2.95 |  12.10 |  12.05 (6,6,22) |  11.81 (5,4,16) |   5.72
  38   8   -3.54 |  12.56 |  12.59 (6,6,22) |  12.35 (5,4,16) |   6.47
  40   8   -2.96 |  13.46 |  13.29 (6,6,22) |  13.03 (5,5,18) |   7.87
  42   9   -3.43 |  13.99 |  13.96 (7,6,24) |  13.66 (5,5,18) |   6.77
  44   9   -3.73 |  14.90 |  14.74 (7,7,26) |  14.54 (5,5,18) |   8.24
  45   9   -3.36 |  15.35 |  15.08 (7,7,26) |  14.83 (5,6,20) |   8.94
  48  10   -3.75 |  16.34 |  16.16 (8,7,28) |  15.81 (6,6,22) |   8.58
  49  10   -3.79 |  16.80 |  16.54 (8,8,30) |  16.17 (6,6,22) |   9.31
  50  10   -2.82 |  17.26 |  16.77 (8,8,30) |  16.37 (6,7,24) |  10.02
  52  11   -3.17 |  17.79 |  17.42 (9,8,32) |  16.94 (7,6,24) |   8.89
  53  11   -3.67 |  18.25 |  17.91 (9,8,32) |  17.46 (7,6,24) |   9.65
  54  11   -3.78 |  18.71 |  18.34 (9,9,34) |  17.91 (7,6,24) |  10.38
  57  12   -2.95 |  19.69 |  19.15 (10,10,38) |  18.50 (8,7,28) |   9.97
  58  12   -3.36 |  20.16 |  19.63 (10,9,36) |  19.03 (8,7,28) |  10.73
  60  12   -3.35 |  21.08 |  20.41 (10,10,38) |  19.90 (7,8,28) |  12.18
  62  13   -3.37 |  21.61 |  20.98 (11,10,40) |  20.37 (8,8,30) |  11.04
  64  13   -3.07 |  22.53 |  21.68 (11,11,42) |  21.13 (9,8,32) |  12.55
  65  13   -3.50 |  23.00 |  22.34 (11,11,42) |  21.71 (8,8,30) |  13.27
  68  14   -3.51 |  23.99 |  23.23 (12,11,44) |  22.62 (9,8,32) |  12.89
  69  14   -3.53 |  24.46 |  23.68 (12,11,44) |  23.00 (9,9,34) |  13.63
  70  14   -2.81 |  24.92 |  23.88 (12,12,46) |  23.15 (9,9,34) |  14.36
  72  15   -3.21 |  25.45 |  24.58 (13,12,48) |  23.78 (10,9,36) |  13.21
  73  15   -2.57 |  25.91 |  24.85 (13,12,48) |  24.00 (10,9,36) |  13.98
  74  15   -3.40 |  26.38 |  25.47 (13,12,48) |  24.62 (10,9,36) |  14.72
  77  16   -3.00 |  27.37 |  26.37 (14,13,52) |  25.47 (10,10,38) |  14.30
  78  16   -2.93 |  27.84 |  26.72 (14,13,52) |  25.88 (11,10,40) |  15.07
  80  16   -2.81 |  28.77 |  27.65 (13,14,52) |  26.67 (10,11,40) |  16.55
  82  17   -2.13 |  29.30 |  27.92 (15,14,56) |  26.85 (11,11,42) |  15.39
  84  17   -3.09 |  30.24 |  29.12 (15,14,56) |  28.00 (11,11,42) |  16.91
  85  17   -2.28 |  30.70 |  29.33 (15,15,58) |  28.31 (11,11,42) |  17.65
  88  18   -2.52 |  31.70 |  30.33 (16,15,60) |  29.24 (12,11,44) |  17.25
  89  18   -2.34 |  32.17 |  30.70 (16,15,60) |  29.51 (12,12,46) |  18.01
  90  18   -2.42 |  32.64 |  31.28 (15,16,60) |  30.07 (12,12,46) |  18.75
  92  19   -2.10 |  33.16 |  31.70 (16,16,62) |  30.36 (13,12,48) |  17.58
  93  19   -2.58 |  33.63 |  32.21 (16,16,62) |  30.97 (13,12,48) |  18.35
  94  19   -2.29 |  34.10 |  32.61 (17,16,64) |  31.23 (13,12,48) |  19.11
  97  20   -1.43 |  35.10 |  33.32 (18,17,68) |  32.00 (14,13,52) |  18.68
  98  20   -2.38 |  35.57 |  34.01 (17,17,66) |  32.63 (13,13,50) |  19.45
 100  20   -1.31 |  36.51 |  34.66 (17,18,68) |  33.15 (13,14,52) |  20.95
 102  21   -1.89 |  37.03 |  35.37 (18,18,70) |  33.97 (14,14,54) |  19.78
 104  21   -2.06 |  37.97 |  36.20 (18,18,70) |  34.74 (14,14,54) |  21.31
 105  21   -1.10 |  38.44 |  36.51 (18,19,72) |  34.93 (14,14,54) |  22.06
 108  22   -1.78 |  39.44 |  37.61 (19,19,74) |  35.96 (15,14,56) |  21.65
 109  22   -1.44 |  39.91 |  37.92 (19,19,74) |  36.37 (15,14,56) |  22.42
 110  22   -1.27 |  40.38 |  38.39 (19,19,74) |  36.85 (15,15,58) |  23.16
 112  23   -0.99 |  40.91 |  38.88 (20,20,78) |  37.14 (16,15,60) |  21.99
 113  23   -1.42 |  41.38 |  39.41 (20,20,78) |  37.76 (16,15,60) |  22.76
 114  23   -1.45 |  41.85 |  39.78 (20,20,78) |  38.13 (16,15,60) |  23.52
 117  24   -0.95 |  42.85 |  40.77 (21,20,80) |  38.85 (16,16,62) |  23.09
 118  24   -0.49 |  43.32 |  41.00 (21,21,82) |  39.16 (16,16,62) |  23.86
 120  24   -0.31 |  44.26 |  41.89 (21,21,82) |  40.06 (16,17,64) |  25.38
 122  25    0.20 |  44.79 |  42.31 (22,22,86) |  40.21 (17,17,66) |  24.20
 124  25   -0.44 |  45.73 |  43.28 (22,22,86) |  41.31 (17,17,66) |  25.73
 125  25   -0.23 |  46.21 |  43.71 (22,22,86) |  41.72 (17,17,66) |  26.49
 128  26   -0.39 |  47.20 |  44.80 (23,22,88) |  42.64 (18,17,68) |  26.08
 129  26    0.29 |  47.68 |  44.98 (23,23,90) |  42.97 (18,17,68) |  26.84
 130  26    0.44 |  48.15 |  45.44 (23,23,90) |  43.40 (18,18,70) |  27.60
